0.004 0.083 0.176 0.327 0.349 0.351 0.384 0.473 0.552 0.673 0.810 0.876 0.901 0.910 0.934 0.983 0.999
0.006 0.142 0.173 0.309 0.404 0.676 0.689 0.739 0.771 0.789 0.797 0.814 0.835 0.979
0.004 0.083 0.117 0.355 0.359 0.384 0.427 0.466 0.673 0.753 0.801 0.850 0.852 0.876 0.901 0.973 0.983
0.006 0.142 0.159 0.208 0.309 0.458 0.477 0.512 0.596 0.660 0.689 0.797 0.814 0.893
0.004 0.046 0.233 0.264 0.276 0.300 0.327 0.355 0.359 0.394 0.536 0.753 0.810 0.892 0.901 0.934 0.976
0.006 0.159 0.176 0.208 0.347 0.404 0.477 0.512 0.596 0.731 0.869 0.898 0.937 0.971
0.165 0.233 0.262 0.322 0.366 0.394 0.427 0.481 0.536 0.595 0.618 0.644 0.653 0.820 0.907 0.931
0.045 0.100 0.159 0.201 0.335 0.355 0.512 0.596 0.641 0.660 0.869 0.893 0.933 0.937
0.031 0.233 0.264 0.276 0.289 0.349 0.351 0.366 0.394 0.481 0.595 0.663 0.749 0.820 0.892 0.907
0.111 0.176 0.246 0.285 0.335 0.355 0.364 0.546 0.676 0.746 0.771 0.854 0.898 0.937
0.025 0.044 0.083 0.169 0.473 0.595 0.644 0.653 0.673 0.749 0.801 0.831 0.852 0.856 0.894 0.922
0.079 0.111 0.201 0.285 0.355 0.458 0.641 0.660 0.676 0.771 0.783 0.838 0.903 0.979
0.031 0.046 0.117 0.119 0.191 0.264 0.276 0.355 0.359 0.420 0.663 0.801 0.839 0.852 0.892 0.894
0.079 0.147 0.176 0.208 0.458 0.477 0.501 0.546 0.606 0.743 0.838 0.924 0.947 0.984
0.025 0.044 0.046 0.191 0.300 0.322 0.327 0.552 0.644 0.653 0.810 0.839 0.922 0.934 0.976 0.999
0.079 0.173 0.347 0.431 0.606 0.739 0.743 0.783 0.835 0.903 0.924 0.933 0.971 0.984
0.031 0.176 0.191 0.262 0.289 0.351 0.366 0.447 0.481 0.618 0.820 0.850 0.907 0.910 0.948 0.983
0.100 0.147 0.246 0.309 0.335 0.342 0.431 0.743 0.789 0.797 0.835 0.933 0.947 0.984
0.025 0.044 0.169 0.289 0.300 0.447 0.466 0.749 0.753 0.831 0.850 0.856 0.922 0.948 0.973 0.976
0.111 0.246 0.285 0.342 0.347 0.364 0.431 0.731 0.746 0.783 0.854 0.898 0.903 0.971
0.119 0.165 0.169 0.176 0.262 0.420 0.447 0.473 0.536 0.618 0.831 0.856 0.894 0.910 0.931 0.948
0.045 0.100 0.147 0.201 0.342 0.404 0.501 0.641 0.731 0.789 0.838 0.869 0.947 0.979
0.117 0.119 0.165 0.322 0.349 0.384 0.420 0.427 0.466 0.552 0.663 0.839 0.876 0.931 0.973 0.999
0.045 0.142 0.173 0.364 0.501 0.546 0.606 0.689 0.739 0.746 0.814 0.854 0.893 0.924
0.075 0.318 0.444 0.461 0.510 0.672
0.019 0.059 0.067 0.127 0.133 0.191 0.194 0.251 0.296 0.303 0.311 0.361 0.383 0.405 0.421 0.454 0.456 0.516 0.559 0.568 0.604 0.634 0.661 0.680 0.713 0.720 0.743 0.791 0.857 0.880 0.885 0.910 0.943 0.976
0.041 0.109 0.290 0.304 0.398 0.435 0.493 0.501 0.568 0.684 0.729 0.957
0.017 0.042 0.064 0.072 0.134 0.150 0.170 0.188 0.217 0.275 0.305 0.329 0.400 0.449 0.459 0.468 0.490 0.499 0.502 0.541 0.550 0.568 0.592 0.604 0.684 0.710 0.772 0.833 0.851 0.885 0.917
0.083 0.136 0.216 0.375 0.434 0.467 0.538 0.600 0.625 0.782 0.799 0.846 0.920
0.042 0.124 0.152 0.161 0.308 0.353 0.420 0.442 0.492 0.530 0.548 0.561 0.575 0.590 0.631 0.643 0.681 0.710 0.757 0.806 0.814 0.821 0.827 0.840 0.864 0.872 0.875 0.924 0.939 0.974
0.102 0.158 0.179 0.199 0.204 0.233 0.249 0.286 0.327 0.330 0.351 0.422 0.479 0.492 0.576 0.734 0.760 0.773 0.801 0.809
0.074 0.301 0.312 0.331 0.352 0.365 0.375 0.413 0.517 0.587 0.733 0.790 0.799 0.807 0.853 0.879 0.924
0.019 0.030 0.045 0.073 0.189 0.207 0.212 0.218 0.263 0.307 0.469 0.489 0.642 0.652 0.803 0.816 0.824 0.943
0.045 0.067 0.122 0.132 0.156 0.214 0.370 0.688 0.692 0.701 0.805 0.811 0.904 0.984 0.988
0.008 0.078 0.111 0.315 0.374 0.407 0.418 0.516 0.567 0.586 0.701 0.961 0.971
0.015 0.048 0.100 0.128 0.168 0.275 0.299 0.318 0.326 0.331 0.398 0.515 0.539 0.548 0.562 0.615 0.622 0.637 0.725 0.799 0.984
0.012 0.097 0.139 0.218 0.224 0.237 0.271 0.296 0.316 0.380 0.433 0.437 0.460 0.509 0.632 0.645 0.665 0.763 0.807 0.864 0.933
0.167 0.170 0.210 0.213 0.418 0.530 0.544 0.666 0.683 0.708 0.907 0.920 0.923
0.029 0.037 0.052 0.185 0.257 0.295 0.377 0.385 0.389 0.421 0.544 0.608 0.666 0.689 0.742 0.752 0.787 0.789 0.827 0.848 0.871 0.898 0.905 0.998
0.008 0.021 0.060 0.147 0.161 0.209 0.226 0.235 0.246 0.265 0.479 0.554 0.571 0.579 0.605 0.658 0.687 0.702 0.773 0.779 0.918 0.924
0.059 0.119 0.124 0.213 0.243 0.265 0.325 0.435 0.570 0.603 0.614 0.694 0.710 0.741 0.829 0.851 0.866 0.869 0.888 0.937
0.010 0.100 0.116 0.212 0.242 0.248 0.305 0.334 0.369 0.398 0.481 0.519 0.536 0.558 0.579 0.592 0.618 0.629 0.701 0.742 0.753 0.775 0.789 0.844 0.888 0.919 0.949
0.027 0.040 0.048 0.061 0.065 0.112 0.180 0.303 0.466 0.513 0.523 0.620 0.658 0.685 0.734 0.798 0.827 0.975 0.980
0.028 0.069 0.082 0.097 0.120 0.126 0.147 0.182 0.234 0.278 0.330 0.348 0.380 0.441 0.556 0.641 0.769 0.812 0.844 0.867
0.006 0.010 0.063 0.078 0.110 0.175 0.307 0.424 0.430 0.465 0.472 0.504 0.539 0.561 0.574 0.607 0.619 0.655 0.723 0.901 0.917 0.931 0.961 0.972 0.983
0.019 0.128 0.210 0.225 0.291 0.320 0.326 0.359 0.362 0.375 0.461 0.538 0.556 0.594 0.636 0.656 0.754 0.826 0.841 0.877 0.945 0.967
0.016 0.335 0.351 0.359 0.409 0.452 0.486 0.503 0.506 0.552 0.607 0.628 0.641 0.666 0.676 0.834 0.880 0.932 0.951
0.009 0.045 0.055 0.081 0.111 0.158 0.168 0.293 0.312 0.315 0.318 0.335 0.369 0.536 0.620 0.753 0.903 0.950 0.953
0.025 0.040 0.053 0.097 0.271 0.279 0.322 0.342 0.503 0.672 0.883 0.894 0.910 0.932 0.955 0.993
0.041 0.058 0.066 0.104 0.148 0.157 0.297 0.440 0.459 0.567 0.578 0.671 0.687 0.864 0.876 0.973 0.986
0.103 0.157 0.215 0.257 0.292 0.312 0.330 0.546 0.660 0.854 0.866 0.938 0.941 0.956
0.030 0.063 0.146 0.161 0.272 0.316 0.357 0.364 0.414 0.442 0.450 0.467 0.605 0.650 0.653 0.660 0.741 0.768 0.780 0.898
0.003 0.042 0.075 0.098 0.105 0.112 0.134 0.243 0.353 0.391 0.393 0.408 0.436 0.448 0.588 0.661 0.682 0.685 0.723 0.746 0.820 0.862 0.930 0.939 0.966 0.983
0.031 0.088 0.116 0.187 0.198 0.388 0.506 0.538 0.549 0.623 0.645 0.702 0.717 0.752 0.819
0.081 0.170 0.182 0.368 0.445 0.481 0.488 0.530 0.559 0.584 0.696 0.772 0.784 0.790 0.813 0.896 0.901 0.915 0.926 0.983 1.000
0.010 0.124 0.137 0.140 0.170 0.172 0.199 0.254 0.305 0.351 0.608 0.657 0.663 0.672 0.718 0.731 0.821 0.847 0.906 0.909 0.918
0.018 0.105 0.114 0.121 0.130 0.144 0.174 0.180 0.242 0.260 0.335 0.358 0.380 0.423 0.428 0.445 0.493 0.508 0.547 0.584 0.627 0.633 0.660 0.729 0.781 0.818 0.821
0.035 0.098 0.121 0.174 0.185 0.189 0.269 0.279 0.289 0.304 0.393 0.404 0.497 0.518 0.641 0.682 0.690 0.692 0.730 0.780 0.796 0.829 0.843 0.936 0.955
0.023 0.045 0.146 0.297 0.309 0.316 0.398 0.411 0.525 0.547 0.586 0.611 0.623 0.700 0.706 0.746 0.811 0.871 0.955 0.991 0.998
0.017 0.032 0.060 0.154 0.163 0.180 0.201 0.244 0.246 0.255 0.260 0.300 0.348 0.358 0.428 0.476 0.524 0.529 0.556 0.566 0.576 0.609 0.626 0.723 0.743 0.748 0.808 0.836 0.838 0.895
